0.204316
0.410952
0.694957
0.989679
1.107371
1.330032
1.622020
1.848318
2.030891
2.238960

0.231701
0.416287
0.626517
0.908028
1.157451
1.418290
1.602595
1.824077
2.036616
2.242560

0.233510
0.419048
0.624023
0.912656
1.170092
1.415312
1.617133
1.827081
2.019575
2.287150

0.253676
0.489150
0.671770
0.945495
1.197804
1.452438
1.642449
1.849317
2.078048
2.333294

0.237303
0.427530
0.663214
0.936779
1.214678
1.487233
1.777644
2.065288
2.334702
2.602409

0.250808
0.434950
0.657223
0.947117
1.189764
1.431714
1.650564
1.856731
2.064485
2.331030

0.252767
0.520343
0.773701
1.062224
1.218560
1.581649
1.690095
1.915590
2.062352
2.115236

0.212798
0.427793
0.640800
0.891752
1.086537
1.317381
1.495896
1.709300
1.948022
2.136491

0.241295
0.482825
0.696483
1.010377
1.222862
1.362358
1.582399
1.973821
2.292495
2.433188

0.213758
0.488770
0.741941
1.031125
1.260072
1.453612
1.767865
2.023579
2.188388
2.227925