0,051395
0,106082
0,157613
0,220395
0,324678
0,368279
0,375589
0,438620
0,497594
0,573665

0,052972
0,103330
0,157989
0,211880
0,262121
0,312860
0,393519
0,443681
0,502766
0,564289

0,052677
0,105746
0,162937
0,208820
0,263649
0,314981
0,388980
0,434044
0,499200
0,567918

0,052737
0,104401
0,160621
0,215678
0,261789
0,320749
0,373568
0,436168
0,519879
0,578842

0,051983
0,104589
0,159581
0,207689
0,261412
0,313588
0,371881
0,454331
0,520091
0,567755

0,057117
0,107904
0,160470
0,212233
0,262828
0,316794
0,373411
0,435608
0,499297
0,568272

0,052840
0,105239
0,160131
0,214963
0,264553
0,321433
0,465546
0,465292
0,478037
0,551871

0,055574
0,111274
0,170512
0,218683
0,275038
0,399253
0,374507
0,463564
0,477276
0,527566

0,056095
0,105992
0,162139
0,212853
0,264605
0,321669
0,369757
0,418436
0,470571
0,523924

0,054641
0,107567
0,158377
0,206322
0,263397
0,321414
0,367027
0,425180
0,481678
0,585921